0.79365213091
0.792850316158
0.496152516178
0.776959599441
0.775680091934
0.785561912271
0.772438051309
0.767448020652
0.789729762091
0.493219208464
0.494231925623
0.773739596797
0.773363127462
0.493582645013
0.497786625881
0.767236076547
0.794597762781
0.79405309686
0.774025135643
0.788024168058
0.762961848364
0.497129842071
0.498012241676
0.780030940874
0.776826678213
0.787462388234
0.779931031366
0.797546692981
0.770323739717
0.783346906984
0.496791972046
0.753800961342
0.762649578038
0.491186127922
0.494800886423
0.498516370696
0.772524391626
0.491346932253
0.797811295327
0.799065823468
0.772903957853
0.773084115978
0.750210516814
0.780790385755
0.49573324102
0.4954525591
0.767927957647
0.489683744412
0.495153935287
