0.770116682691
0.494378498354
0.499115806047
0.782124183156
0.792847762284
0.78563220954
0.761395835127
0.778258005083
0.776520544679
0.493785669296
0.788436179463
0.767272637191
0.766420035236
0.789058667559
0.78742454416
0.775171635928
0.797541880438
0.792017822805
0.768469148335
0.78284319762
0.488567446058
0.497572667251
0.497140825305
0.743309916553
0.790759304065
0.796365828243
0.791841408314
0.773122964108
0.767387236152
0.77988229771
0.798394722526
0.494716037466
0.491132166328
0.786806200022
0.776938238289
0.766408671454
0.789582463084
0.778265927252
0.780539187308
0.778490733531
0.794674173896
0.498273383449
0.494069035282
0.497666127703
0.491890418087
0.775527133928
0.792510317983
0.774203324741
0.785501259063
0.775268339506
0.778382514649
0.784710005138
0.768254489252
0.791123664381
0.485556769043
0.498748233228
0.786273939603
0.778367025389
0.744167423567
0.790253046528
