0.779144540874
0.795983136088
0.792634139952
0.78219428282
0.78125743743
0.779286098966
0.769261284122
0.785043019776
0.796125762976
0.497333917561
0.485866952678
0.785462379605
0.779251583466
0.739098478364
0.707185090608
0.683548963506
0.646627501843
0.498385501755
0.766303403409
0.493470066799
0.769543916256
0.784214513196
0.788959074813
0.763456385508
0.791461237771
0.784752816055
0.777374803134
0.774092367871
0.496310535626
0.498891204263
0.791971196699
0.488018862181
0.799378956703
0.408455483417
0.773527000438