0.799237446323
0.78625674038
0.493142637976
0.782536987573
0.77267101378
0.7967911968
0.760821658044
0.787391922416
0.781439411651
0.783258842909
0.499256139466
0.497979655531
0.497738674809
0.79762458793
0.770140211058
0.779982770979
0.766022636431
0.796459541391
0.779311842839
0.791168575332
0.497938811775
0.495151185356
0.794587629798
0.771160217507
0.775309998841
0.772961292826
0.798269461468
0.788687338221
0.75207121128
0.798417876757
0.494169310731
0.49991617894
0.78866879165
0.779293999508
0.780236966924
0.797197881412
0.791416073585
0.494208333241
0.770504669503
0.75
