0.783211169264
0.49630101341
0.497274726661
0.773956645606
0.765544130333
0.783036801627
0.49612161331
0.783684119587
0.780904802255
0.499186935046
0.491093692879
0.777887774879
0.76612874804
0.497244530789
0.790785680576
0.791241208611
0.778053866892
0.775281094714
0.752000815557
0.49883866483
0.493170178314
0.79994196526
0.791729289726
0.498694929441
0.486430437789
0.766556913998
0.499912485873
0.787927647913
0.42709467008
0.769203709783
0.4896683561
0.498955305296
0.785545131201
0.799121070711
0.773715892096
