0.770616990599
0.495108533863
0.787919612122
0.76421949758
0.795600962769
0.778214113356
0.778388408433
0.781651794228
0.499803011712
0.498459058732
0.493900686697
0.76778749258
0.796655616508
0.791350293963
0.49927706513
0.778808938167
0.7636015893
0.771930233639
0.786511451136
0.783438192262
0.785116909302
0.497763488025
0.497007167679
0.797045417604
0.484761900157
0.492878721207
0.758658289564
0.493408956211
0.493251304877
0.491996311822
0.765144843236
0.799541202588
0.771136558622
0.785214246634
0.769068212181
0.797454795938
0.769340785144
0.499216250502
0.494881128549
0.79537514006
0.495658404382
0.79262264124
0.491197951377
0.496310663369
0.770272415796
0.499764945897
0.496421913285
0.799623315525
0.494656310347
0.789172509801
0.789655560527
0.77034726721
