0.76303653751
0.495026101385
0.499030374958
0.785349924609
0.767529496552
0.773787065557
0.788965036431
0.782123811213
0.765690768489
0.493078133718
0.498191872543
0.489561401992
0.791266343784
0.766593188535
0.493137288575
0.499229906813
0.79918653237
0.770955727212
0.7873229418
0.785960952327
0.772481612069
0.762167758263
0.494650503736
0.770958757732
0.495599213621
0.496768215809
0.77935216235
0.389736602284
0.371631620027
0.371183661062
0.371001669312
0.369950123504
0.368552481234
0.772681110821
0.486687690753
0.498000106042
0.768464563853
0.775128957947
0.763059126152
0.769784178214
0.496229734718
0.794571895547
0.777266587804
0.493650113427
0.498156384794
0.790521706907
0.745797883234
0.79898817679
0.786303334312
0.799848401033
0.762684359904
0.49349233701
0.494888381897
0.792520371434
0.49691938055
0.770234797241
0.484083266692
0.797119651082
0.784355695346
0.79105591876
0.788511518313
