0.786312397724
0.767429099917
0.793003878902
0.772467681712
0.787075781346
0.773356289031
0.765807974064
0.772042127037
0.498302034734
0.494422563098
0.775660741562
0.781486379226
0.497866105674
0.790489420166
0.797744006004
0.763751827266
0.790522305783
0.775056220094
0.770164398329
0.785013362572
0.49768676495
0.796721626215
0.49359467582
0.496979271262
0.494554791058
0.770999418956
0.771663440738
0.493319421325
0.782187974637
0.795267208488
0.770031423219
0.492993792736
0.788860883055
0.498882503826
0.796617944403
0.495075808832
0.791010279011
0.761174052848
0.49221215184
0.774011114746
0.499928503898
0.77462009086
