0.497688032098
0.788036591234
0.79855138708
0.773125165186
0.789498608547
0.770280311455
0.498516465464
0.786310868677
0.791555069288
0.499503120908
0.759729948143
0.790396470995
0.792461525854
0.497247127975
0.49251408874
0.790498627164
0.774488032157
0.780001360804
0.799986544653
0.49644626474
0.781297423777
0.777437556887
0.768896837391
0.770216665381
0.797434391165
0.49999974678
0.772773852438
0.492176846982
0.499995838987
0.495868807116
0.763615449329
0.490551881948
0.770667021994
0.499908795231
0.793945898559
0.499205255466
0.491686484726
0.786394552072
0.797991084325
0.485244817672
0.775460365761
