0.74970492692
0.792431994847
0.781881862237
0.792162968702
0.772056118871
0.781334787028
0.776699712287
0.483511151888
0.497372536944
0.795533302658
0.779591220535
0.77385709037
0.788385372862
0.765389202225
0.778812351889
0.498074366284
0.776869773879
0.767336267375
0.490161857434
0.490925803588
0.769603802123
0.49828297641
0.49360483348
0.798275257569
0.785692076272
0.771931963703
0.797228677864
0.763955999533
0.793341288192
0.796720623064
0.77625176751
0.480778462716
0.772079788432
0.495902099055
0.499569747154
0.754866768522
