0.780082919743
0.761192160776
0.792173927332
0.79184822845
0.771588850236
0.747441727611
0.778986489998
0.498820535864
0.491851827262
0.761608061346
0.495215462318
0.495289022335
0.795706491368
0.489554339802
0.775576935949
0.49134036185
0.792242386643
0.796910023967
0.493177601113
0.493418156812
0.78888135858
0.770346865145
0.781220692249
0.774734907942
0.499634445241
0.498739674492
0.774573853138
0.495871830447
0.775967681198
0.765988844028
0.493533889664
0.768819889941
0.783787962123
0.481861053655
