0.780001966253
0.799303589821
0.7896367836
0.782378769927
0.764550597605
0.769991649532
0.793015527522
0.491475873721
0.498697092988
0.796626220767
0.779996796439
0.772920693328
0.766732776718
0.768025580901
0.799680829682
0.784970200236
0.493790115774
0.783381361899
0.495346934163
0.787900256852
0.79332315003
0.493238038075
0.498271861354
0.766086001941
0.783381628482
0.771406166756
0.782579411996
0.783812433194
0.783519713096
0.773715424058
0.493747326631
0.496051559434
0.49580437998
0.767773231169
0.773298623705
0.789897786424
0.774349456299
0.787861461038
0.797343678141
0.761990854568
0.777347328499
