0.787770663729
0.780457741855
0.794255378669
0.792916670658
0.79745644404
0.76723639141
0.778357041778
0.495578727224
0.777010158591
0.494397989829
0.499473016184
0.774353960874
0.791968287145
0.799272833903
0.78388636975
0.765453516596
0.791355830604
0.789844801931
0.770513973416
0.494853049175
0.786369377519
0.496384712584
0.496022771493
0.758841879918
0.797208306193
0.788382976552
0.782312816994
0.763956816953
0.77613221087
0.762602245605
0.786149654098
0.771122165799
0.499563929048
0.793048814829
0.779378858408
0.764199576436
0.786539537656
0.769286976627
0.770795166412
0.791033895593
0.785450417698
0.499299093424
0.798204418884
0.495834266083
0.782949661133
0.491906628111
0.763548784133
0.796884716464
0.783282225422
0.765112540231
