0.74970492692
0.792431994847
0.781881862237
0.792162968702
0.772056118871
0.781334787028
0.776699712287
0.483511151888
0.497372536944
0.795533302658
0.779591220535
0.77385709037
0.788385372862
0.765389202225
0.778812351889
0.498074366284
0.776869773879
0.767336267375
0.490161857434
0.490925803588
0.769603802123
0.49828297641
0.49360483348
0.798275257569
0.785692076272
0.771931963703
0.797228677864
0.763955999533
0.793341288192
0.796720623064
0.77625176751
0.480778462716
0.772079788432
0.495902099055
0.499569747154
0.754866768522
0.773079761188
0.797872307581
0.783274786523
0.767729457488
0.798545686394
0.794916399934
0.779701241698
0.493381380184
0.492983906283
0.766106419629
0.48899556501
0.499752111527
0.788808285387
0.754606080413
0.767989994396
0.775624181249
0.766745997037
0.779284981211
0.773623896237
0.491023209488
0.48755542164
0.784425318224
0.492103730365
0.797697721038
0.763644047806
0.798035067694
0.775616347193
0.784668101115
0.785911281103
0.784499149804
0.787226121828
0.788678533909
0.776560858291
0.482439438785
0.498383818496
0.775606430194
0.499357606436
0.361971191616
0.487193315633
0.486700778556
0.784005780642
0.784951522451
0.77376663859
0.799280116179
0.776275127324
0.752275634788
