0.794512621953
0.770179744106
0.777609927535
0.772453294396
0.783332016067
0.791589328502
0.795743382169
0.496151045074
0.497397991737
0.496163797892
0.792146979915
0.487663202384
0.796844507391
0.782214107205
0.79665479698
0.768356630972
0.767995699565
0.797644313399
0.792576678344
0.773925581437
0.797984058474
0.773639751294
0.768454196332
0.777583364629
0.799990912655
0.780517731041
0.774411472073
0.791061927664
0.795043952547
0.771311441427
0.499350966155
0.77189437289
0.495074924677
0.496471984457
0.785986978412
0.766816379091
0.797055746886
0.767994542471
0.775118129482
0.765594677568
0.795383003933
