0.782663998135
0.780518665899
0.770920593818
0.793574159749
0.791561363668
0.772204546374
0.491714868789
0.494327329108
0.775485222431
0.493731891312
0.49960156022
0.763482354888
0.49554371265
0.799957890011
0.768537213983
0.796112930837
0.786579774021
0.789577290114
0.786076847777
0.79631212444
0.799185898274
0.759063947817
0.78395836192
0.779702883479
0.783846889066
0.766981763725
0.78099479021
0.799784010381
0.785784315618
0.761699343172
0.776890208986
0.77073427729
0.780538234362
0.791173347924
0.497412391254
0.49203014152
0.498432334866
0.786043421358
0.772503140706
0.782044880528
0.797732517859
0.777172841156
0.788168171788
0.496274984836
0.771974160935
0.78793448285
0.487912216633
0.492295125335
0.777576557461
0.499446339147
0.770871172961
0.773935796445
