0.775556888329
0.792517200085
0.773179471365
0.767640935748
0.794884541259
0.778318688098
0.794623415125
0.496509092318
0.494940014941
0.753947147911
0.499583278166
0.786169226467
0.778983396044
0.799750729455
0.786195518943
0.797474418528
0.772979004836
0.780290478961
0.787356867509
0.796399383787
0.783583777622
0.755554056315
0.795067566243
0.780320644856
0.785538048551
0.77570682806
0.780766389404
0.492653070081
0.79282383096
0.495634053127
0.7860935347
0.785281089826
0.7764530715
0.789170408338
0.781003082621
0.787756156637
0.784803675765
0.498660733151
0.487957224773
0.796837667413
0.778990620969
0.781079600229
0.782726416658
0.79576683745
0.783081521655
0.762985076326
0.780737845853
0.497318063338
0.499622926573
0.770034218383
0.496205980986
0.497935157993
0.765121435392
0.784084870434
0.781525631116
0.791812701155
0.776012976424
0.773921678023
0.77829237856
