0.805232995875
0.95473633023
0.923055806943
0.978945313858
0.888701782661
0.993466503475
0.800044060148
0.924168507095
0.935146944562
0.98694245764
0.904659002436
0.671198374693
0.896926908676
0.993557762775
0.856396131681
0.978862735393
0.825421351222
0.62375205772
0.846164191438
0.89212527198
0.994976240783
0.979650732598
0.935379661461
0.928068258791
0.945967287899
0.994299328063
0.95501875819
0.953787177919
0.921073600129
0.899638677705
0.988581426654
0.649369945936
0.834900086527
0.890792522664
0.880279991633
0.993755877265
0.787603307795
0.660582387714
0.976202257668
0.969706421737
0.893103135056
0.981079647984
0.567672871936
0.846623130267
0.970432467008
