0.969447843908
0.972738709542
0.667815641128
0.90803218461
0.994260197545
0.970589626277
0.943583855558
0.980486724462
0.85908840526
0.704190253155
0.638195470134
0.688630110191
0.636338240502
0.83531927244
0.918636769514
0.87320749334
0.958351331468
0.91852431863
0.921263689239
0.878602547956
0.997205153507
0.938058911716
0.995000721923
0.965241590691
0.925954375386
0.775939098827
0.643017781292
0.8560635247
0.969194806817
0.914217003821
0.722509232395
0.889976947134
0.90862173265
0.997830414457
0.741222240912
0.951158966034
0.970414671394

