0.685240987502
0.880132798375
0.992987001667
0.896113623907
0.902885523087
0.874568583303
0.996834727988
0.879571027828
0.905715289927
0.893287134184
0.792463818605
0.980045798925
0.61736236615
0.955756601082
0.763470438341
0.895903833454
0.92757488686
0.983704552383
0.893203634572
0.921895749581
0.963663559302
0.866822013775
0.863182895421
0.973011818831
0.968555707577
0.898128501703
0.986974545229
0.763277343444
0.987544020887
0.839298932435
0.978540765605
0.986942203333
0.880032857252
0.997731339846
0.851160167305
0.968596417139
0.74218769019
0.833542711515
0.97059902725
0.969605329959
0.999675653227
0.763609923507
0.711053704568
0.81169488217
0.89827907315
0.992639266287
0.896782021364
0.881314876095
0.9863557706
0.969888305176
0.89386061967
0.809471020272
0.887733337939
0.99510129541
0.931720050014
0.914500963207
0.844530543385
0.982206308907
0.980214706619
0.980214690553
0.980214690549
0.980214690549
0.980214690549
0.980214690549
0.980214690549
0.980214690549
0.980214690549
0.980214690549
0.980214690549
0.980214690549
0.980214690549
0.980214690549
0.980214690549
0.980214690549
0.980214690549
0.980214690549
0.980214690549
0.980214690549
0.980214690549
0.980214690549
0.980214690549
0.980214690549
0.980214690549
0.980214690549
0.980214690549
0.980214690549
0.980214690549
0.980214690549
0.980214690549
0.980214690549
0.980214690549
0.980214690549
0.980214690549
0.980214690549
0.980214690549
0.980214690549
0.980214690549
0.980214690549
0.980214690549
0.980214690549
0.980214690549
0.980214690549
0.980214690549
0.980214690549
0.980214690549
0.980214690549
0.980214690549
0.980214690549
0.980214690549
0.980214690549
0.980214690549
0.980214690549
0.980214690549
0.980214690549
0.980214690549
0.980214690549
0.980214690549
0.980214690549
0.980214690549
0.980214690549
0.980214690549
0.980214690549
0.980214690549
0.980214690549
0.980214690549
0.980214690549
0.980214690549
0.980214690549
0.980214690549
0.980214690549
0.980214690549
0.980214690549
0.980214690549
0.980214690549
0.980214690549
0.980214690549
0.980214690549
0.980214690549
0.980214690549
0.980214690549
0.980214690549
0.980214690549
0.980214690549
0.609035279526
0.87408377239
0.986140716363
0.860199521779
0.959399129405
0.945102013493
0.698690471769
0.955910245074
0.639086349687
0.984018067876
0.727094581678
0.920717133709
0.665220989291
0.867400235604
0.963752840003
0.728773611257
0.911962273038
0.959202289306
0.951932107215
0.99243522212
0.580996926488
0.948737787718
0.996318155978
0.931307875768
0.990852258675
0.916557607925
0.906398198174
0.993648555508
0.99848209576
0.781764493067
0.89731837879
0.920263437993
0.774478498784
0.677174028608
0.881590569607
0.876316575025
0.900239081997
0.928597179737
0.886144908679
0.946253200301
0.968761371518
0.688529262816
0.859943517988
0.741464542869
0.577250186769
0.853870655364
0.681537639525
0.98224328017
0.983189914857
0.98311234819
0.812196842459
0.811114326145
0.739868220596
0.95792345764
0.855762498223
0.986350921634
0.922977431509
0.968867861263
0.661124617386
0.836697610174
0.943385290513
0.983773268428
0.729414154713
0.951242675819
0.804584963287
0.956459609038
0.975319740597
0.926574482999
0.998421856564
0.991020398321
0.999528747182
0.716033640362
0.789429758556
0.961585604293
0.608921890823
0.934318962106
0.917567768867
0.952908539982
0.965816393068
0.956720716613
0.940646179362
0.97015291469
0.919521044212
0.645197098427
0.886429240577
0.82527887868
0.966034598139
0.970364422702
0.900435581811
0.960592504994
0.860908624567
0.911630123683
0.950256317609
0.90805822022
0.702643826609
0.768685440648
0.685761150769
0.822512581277
0.795766719232
0.984206704983
0.979395286285
0.719546995404
0.999557908011
0.831157939978
0.984089890341
0.917932541711
0.950116264337
0.825264169418
0.736498510375
0.679883499194
0.86401951031
0.90637750394
0.979212698041
0.984670493748
0.663654754785
0.870221357044
0.963945075941
0.991215184708
0.998163286404
0.637362431144
0.996072614152
0.86393328476
0.9740828058
0.995464499338
0.714570336748
0.904739978509
0.754175168926
0.655403540778
0.929945995857
0.944073542751
0.956186569936
0.894190168663
0.986883473181
0.60525702881
0.953586842174
0.952862104816
0.885083529104
0.810429430402
0.57118069004
0.954836712463
0.917215920846
0.676235259673
0.934018973176
0.94983049822
0.904028035763
0.619188420819
0.962028969894
0.979666719531
0.961193076155
0.961064256202
0.961064253247
0.961064253247
0.961064253247
0.961064253247
0.961064253247
