0.981594053718
0.836966699835
0.968408074773
0.831204117966
0.618554827979
0.64525181213
0.907252823184
0.987840144724
0.647574538053
0.74959898608
0.880840599745
0.680025330409
0.858972507789
0.73050319994
0.977208882523
0.966068513796
0.8331345792
0.708720009143
0.938588203478
0.766246256013
0.919820156581
0.777369964225
0.891401385487
0.760090524541
0.925956192543
0.868938825401
0.843283360236
0.713336572209
0.664332310162
0.73675388402
0.950562932278
0.959055382289
0.898183528947
0.798654450114
0.940427117933
0.957327760648
0.778364545334
0.667316507569
0.644264435663
0.883443858953
0.937017546
0.94456574386
0.868488250824
0.97317509167
0.990377545186
0.755966671312
0.846708275787
0.971507400852
0.935322941504
0.971363523286
0.691321552995
0.96592097769
0.889506033714
0.889505290654
0.889505290653
0.889505290653
0.889505290653
0.889505290653
0.889505290653
0.889505290653
0.889505290653
0.889505290653
0.889505290653
0.889505290653
0.889505290653
0.889505290653
0.889505290653
0.889505290653
0.889505290653
0.888081889434
0.888080624314
0.888080624013
0.888080624013
0.888080624013
0.888080624013
0.888080624013
0.888080624013
0.888080624013
0.888080624013
0.888080624013
0.888080624013
0.888080624013
0.888080624013
0.888080624013
0.888080624013
0.888080624013
0.888080624013
0.888080624013
0.888080624013
0.888080624013
0.888080624013
0.888080624013
0.888080624013
0.888080624013
0.888080624013
0.888080624013
0.888080624013
0.888080624013
0.888080624013
0.888080624013
0.888080624013
0.888080624013
0.888080624013
0.888080624013
0.888080624013
0.888080624013
0.888080624013
0.888080624013
0.888080624013
0.888080624013
0.888080624013
0.888080624013
0.888080624013
0.888080624013
0.888080624013
0.888080624013
0.888080624013
0.888080624013
0.888080624013
0.888080624013
0.888080624013
0.888080624013
