0.689962239762
0.986883321664
0.925877508711
0.907875270789
0.836601645933
0.862628255093
0.918644777082
0.99488101462
0.942914166399
0.951507894927
0.952387070515
0.973977954569
0.831232292589
0.927924029179
0.840634372026
0.982218547636
0.971999044979
0.900754032397
0.837085465543
0.767259670006
0.954578684833
0.778737215296
0.814990338898
0.70813576847
0.942660513714
0.947149590933
0.930736095117
0.966056652853
0.820696486278
0.851810823093
0.682317057518
0.993445529236
0.848079487758
0.998045464581
0.775482161389
0.994904467561
0.860140559766
0.909418883007
0.970284910437
0.975978417562
0.982915583086
0.95411323069
0.977413959983
0.737098920302
0.969216550609
0.878012630379
0.902028247453
0.959002559645
0.922974730277
0.867304508353
0.881132202841
0.895186359873
0.915220181478
0.984938634419
0.998617096441
0.909489470022
0.909344289529
0.925122225338
0.945933584425
0.980413393167
0.816814545264
0.924922592169
0.91680821621
0.777196297816
0.909787481401
0.813377175664
0.995676629082
0.969089160691
0.69382589995
0.993751403649
0.842205212843
0.877536479084
0.835038774672
0.84044393331
0.840309105994
0.840309094229
0.840309094229
0.840309094229
0.840309094229





