0.910875326975
0.817162053301
0.92318399249
0.916116151771
0.99286587729
0.644564858635
0.861155775104
0.994573841669
0.913455919776
0.646903178292
0.828099688799
0.877609085774
0.868218514224
0.675256547778
0.980649397771
0.868833172696
0.671376773602
0.818774385182
0.649696149812
0.961230188086
0.990100745461
0.953599157554
0.886297304883
0.949789122398
0.837535419815
0.97996572062
0.971734517984
0.929650726878
0.845088368616
0.794537056723
0.981506798498
0.984058545369
0.946273929724
0.698562271999
0.647923234081
0.642833713905
0.991448032132
0.874856532095
0.905705795074
0.999714996887
0.95792234042
0.959557124245
0.922168477227
0.723605620413
0.974112109469
0.944141058544
0.949956021455
0.996152139551
0.756332451893
0.698866082015
0.917564732657
0.87114429191
0.93335231639
0.967633933854
0.962690931108
0.608202098527
0.892908196846
0.949750031184
0.85465050343
0.889125760401
0.970734257143
0.94831870349
0.996799419236
0.909981985705
0.99756663576
0.609666059817
0.903329990347
0.74525979971
0.938272560062
0.958266619864
0.916192247223
0.892795400017
0.863073938798
0.980609730622
0.959956004893
0.87673924
0.960140359123
0.724399998594
0.862349380639
0.738106728611
0.986314523257
0.991535518508
0.564876606036
0.968332384855
0.930169471616
