0.636225092216
0.973489458057
0.937780131019
0.976619657797
0.909959551629
0.856039760446
0.841151135935
0.855812681389
0.940174938672
0.954038897036
0.885706756725
0.991984045748
0.701921467174
0.935974797715
0.903010811635
0.951115627885
0.7513887142
0.937007875041
0.893767730797
0.914744664424
0.959136256398
0.588165568057
0.960774150653
0.97658994256
0.773545409819
0.773002739088
0.977132252788
0.763236746508
0.683719271278
0.963469058598
0.870923714294
0.986566605435
0.738997214664
0.650910414128
0.798744797082
0.964096605791
0.86579851207
0.738843316318
0.977230099719
0.953685641255
0.936110754523
0.773305364121
0.958660400535
0.961801292167
0.803841914445
0.926040523183
0.954427438913
0.948953165789
0.931469605947
0.9734423383
0.811228886382
0.737023790707
0.999481858138
0.878589641167
0.996252550914
0.90367861907
0.970905865296
0.856936957728
0.619804258977
0.909476771402
0.97693937172
0.962620044066
0.995749789045
0.969478871979
0.975157564467
0.976409449402
0.861840287238
0.829083668114
0.830281182747
0.830211449307
0.699772405428
0.794297750846
0.619631772523
0.927496340521
0.951324448257
0.994385614108
0.904043407155
0.981573646056
0.848082950933
0.892457765785
0.904839645728
0.922338665406
0.955244581437
0.951165470675
0.830308111917
0.980042888426
0.951201911307
0.984651333369
0.72424649557
0.966460151433



