0.949871332979
0.851099085249
0.882411680013
0.949093533509
0.994689178022
0.858189758879
0.851518999464
0.86107733312
0.933752317562
0.894523436776
0.968046349109
0.958717101848
0.879988170767
0.894798609541
0.941617215879
0.93488396722
0.949256422204
0.967156445066
0.888958688979
0.942839488258
0.928524722494
0.909588817903
0.927089186633
0.908240343092
0.88798765242
0.987933464755
0.662113997931
0.726396132039
0.993943709574
0.992462094663
0.83797750125
0.926963465985
0.997271491443
0.862501544419
0.985814594086
0.809151420261
0.973076918836
0.59432244228
0.845076997357
0.964382228164
0.942930697997
0.889163197211
0.975259387797
0.98861317077
0.990374521358
0.909580501861
0.99552217896
0.883860340598
0.878844734176
0.832917102846
0.787867087604
0.990542411183
0.723617363167
0.760076632618
0.606619017303
0.825941735918
0.929511967002
0.715418433871
0.956055423581
0.944726085823
0.984900308329
0.857937376919
0.882737816001
0.839910960721
0.839907127096
0.839907125416
0.839907125416
0.839907125416
0.839907125416
0.839907125416
0.839907125416
0.839907125416
0.839907125416
0.839907125416
0.839907125416
0.839907125416
0.839907125416
0.839907125416

