0.640946999035
0.890118408253
0.973616802222
0.994064248191
0.965145765028
0.877080436899
0.897590638155
0.979948240842
0.967600376013
0.8394571183
0.984323936047
0.939977642501
0.911573198853
0.949261534978
0.921466085446
0.87343852829
0.920595486977
0.835770659229
0.962174354332
0.893450348805
0.911013970587
0.971827608595
0.989469320576
0.983789578007
0.808976623072
0.960075406295
0.959736793362
0.974531650728
0.823089573487
0.801133303545
0.996490762124
0.925530946807
0.937951789406
0.954149815904
0.910437849833
0.929170211039
0.997872514845
0.913780805626
0.85944212644
0.909059938059
0.8298588728
0.958043346021
0.740105419286
0.969303488663
0.932509539336
0.807679542755
0.941799831959
0.975530325798
0.915949951952
0.926737072672
0.938665920469
0.93566411281
