0.699066234142
0.967554684896
0.899718393652
0.783851435746
0.680803982054
0.927197849347
0.808027444489
0.960197301622
0.980140418862
0.985011100444
0.713957801069
0.979713144135
0.934171506471
0.946754066778
0.946684161377
0.946684161191
0.946684161191
0.946684161191
0.946684161191
0.946684161191
0.946684161191
0.946684161191
0.946684161191
0.946684161191
0.946684161191
0.946684161191
0.930851138167
0.878140263839
0.727505275639
0.716787245246
0.918640758451
0.927310820071
0.903515721235
0.982759038553
0.813373008189
0.733842171376
0.782563426038
0.988146584416
0.969622212965
0.935063715556
0.865705763414
0.865605260427
0.86560526033
0.86560526033
0.86560526033
0.752201513962
0.817620135571
0.90791361719
0.703685471223
0.629092904425
0.634312798992
0.935083121812
0.9307996625
0.74632950011
0.584117150253
0.898211000995
0.895914324279
0.976052297426
0.941867434392
0.961854054047
0.790998703951
0.950513349383
0.878650265695
0.922552587503
0.830430922159
0.935644294458
0.91105663002
0.964868820746
0.964282695787
0.856170330959
0.720640546307
0.69240602491
0.868862387238
0.835750075183
0.93966706378
0.810649916131
0.993676229089
0.85495841577
0.906072726532
0.997453989185
0.805156711478
0.970888887093
0.852274540334
0.917644417578
0.557756373132
0.968860206329
0.981412582879
0.953993978423
0.935066993713
0.937147978244
0.945429581755
0.886317808864
0.989511691527
0.738936724528
0.783917405398
0.908023199331
0.839018395018
0.665729335935
0.966281236794
0.994851300876
0.766918897008
0.971126588756
0.913299032068
0.921624049404
0.997377866438
0.675646503378
0.819420330005

