0.83620998297
0.927559690255
0.943057601697
0.93009680864
0.939218330238
0.925269191585
0.753880776285
0.606398672657
0.957090919958
0.736578907057
0.814778363805
0.946698213348
0.969292868834
0.894994198744
0.886849150842
0.983592011737
0.936430197966
0.971857511115
0.93111344824
0.995846889682
0.89951191615
0.985358420295
0.970798133834
0.69851538036
0.998916167907
0.717669088027
0.975284632949
0.589270647502
0.727531425737
0.939106223803
0.700979530285
0.637929209619
0.996872564825
0.999974944942
0.963855711154
0.81292798808
0.999907278555
0.892908713178
0.993173941169
0.95886317807
0.949618159039
0.904568174296
0.741333097337
0.873836912373
0.916103620597
0.974527319997
0.619262579919
0.800990203237
0.916511751255
0.973701737219
0.810422175093
0.967134645784
0.996106221965
0.904074191647
0.862724068202
0.820132911711
0.991245791473
0.939119278747
0.919029112717
0.97878593945
0.972941244706
0.882135135472
0.688274977917
0.906810861321
0.781484601433
0.654528056083
0.70858300459
0.928309845149
0.846287637493
0.747665895588
0.928403830369
0.712818763118
0.978796208566
