0.729912994688
0.614717421623
0.815501478484
0.651608393039
0.755622967026
0.983829615167
0.981512611727
0.961639020716
0.952844438657
0.667868643079
0.884473959753
0.989054859267
0.938945822555
0.792150946062
0.970276159118
0.602481727928
0.998997469878
0.926990058896
0.96044601603
0.660629045163
0.736600575164
0.972425911187
0.952697187109
0.994910638246
0.800301756217
0.92440543795
0.720018323054
0.640670909967
0.910652497703
0.9364805653
0.74144519595
0.958828195251
0.962139575333
0.829915638453
0.78291330672
0.991682177406
0.99667636366
0.845841243279
0.996086684785
0.966425228717
0.919299097233
0.940701478082
0.929361488288
0.991613619803
0.884550895825
0.813383542151
0.953047355536
0.994298252227
0.924001586008
0.924151857942
0.965095005873
0.934792470647
0.940307883948
0.995340001686
0.848878431909
0.702647221864
0.953715307616
0.952905795405
0.951225856188
0.776442018183
0.914628062147
0.938437463602
0.860983064239
0.936132228661
0.900539697026
0.859894643862
0.967517191197
0.912835381121
0.898868757536
0.952487616012
0.947742287696
0.836496467304
0.981488409055
0.581185575484
0.906928968305
0.687580179178
0.895507047353

