0.657614506793
0.776943760887
0.890996740119
0.915354143486
0.952765473199
0.974985550436
0.92363748854
0.998021338068
0.985166771239
0.926513079084
0.872648904066
0.970180019096
0.756008441891
0.917286387967
0.87130194662
0.881043173152
0.986787385434
0.888975177382
0.913003828379
0.877162433287
0.94588704319
0.963934545944
0.989110600583
0.991765281878
0.884743090063
0.98649222027
0.986492208119
0.986492208071
0.986492208071
0.986492208071
0.629506437197
0.9590689338
0.692622606709
0.716160838607
0.825512607314
0.775339080718
0.85558727699
0.968525242344
0.904534887166
0.869563555893
0.963350506059
0.929547918372
0.921737284708
0.965876705856
0.920637433403
0.883206881373
0.813406009485
0.764693415634
0.971664823743
0.947521078384
0.907079897498
0.942043761576
0.934303538569
0.934045122302
0.93404482791
0.934044827842
0.934044827842
0.963092561924
0.971756676435
0.971128916019
0.992019765307
0.828686384148
0.900080856197
0.994040176622
0.860223180265
0.916076453287
0.98364342689
0.998225488467
0.91739015419
0.918054076339
0.707180098024
0.673327315086
0.89324007245
0.97355599289
0.97809983649
0.943039370144
0.943038309137
0.943038308917
0.943040220707
0.943039737351
0.943039737325
0.943039737325
0.943039737325
0.943039737325
0.943039737325
0.943039737325
0.943039737325
0.943039737325
0.943039737325
0.943040208232
0.943040208213
0.943040208213
0.943040208213
0.943040208213
0.943040208213
0.943040208213
0.943040208213
0.657617013218
0.987003434487
0.639652595044
0.808201897586
0.928977674918
0.975115688972
0.618681314564
0.657653837384
0.794225929006
0.924554033346
0.68874134319
0.825263067842
0.959086878505
0.808448727351
0.915460609439
0.812017448856
0.955055033421
0.92972087602
0.911141939179
0.921775145928
0.72620446114
0.975004629747


