0.880723927197
0.994904339283
0.925501090957
0.957658739522
0.903365899921
0.756138605809
0.689577946604
0.720357153333
0.785613729362
0.923267646687
0.970495955687
0.960121368733
0.908392814581
0.875030873465
0.888610810202
0.810944974142
0.887869584653
0.932839828018
0.944347662893
0.959440986378
0.77918540615
0.611505334414
0.823231354679
0.93887474354
0.959685353833
0.90990391736
0.853193927174
0.682589730325
0.935952086851
0.83291657383
0.784878391991
0.891981632831
0.964144075705
0.964976539664
0.982157728386
0.991007217653
0.976069445316
0.731295462127
0.99150333447
0.713852649713
0.918116252827
0.904043601911
0.924607166014
0.854641500113
0.853146611475
0.93230893104
0.948132770902
0.688824445782
0.907222940583
0.82068761708
0.635827037249
0.990475172191
0.90807114677
0.963238182375
0.834499699843
0.921984180791
0.92198418079
