0.657614506793
0.776943760887
0.890996740119
0.915354143486
0.952765473199
0.974985550436
0.92363748854
0.998021338068
0.985166771239
0.926513079084
0.872648904066
0.970180019096
0.756008441891
0.917286387967
0.87130194662
0.881043173152
0.986787385434
0.888975177382
0.913003828379
0.877162433287
0.94588704319
0.963934545944
0.989110600583
0.991765281878
0.884743090063
0.98649222027
0.986492208119
0.986492208071
0.986492208071
0.986492208071
0.629506437197
0.9590689338
0.692622606709
0.716160838607
0.825512607314
0.775339080718
0.85558727699
0.968525242344
0.904534887166
0.869563555893
0.963350506059
0.929547918372
0.921737284708
0.965876705856
0.920637433403
0.883206881373
0.813406009485
0.764693415634
0.971664823743
0.947521078384
0.907079897498
0.942043761576
0.934303538569
0.934045122302
0.93404482791
0.934044827842
0.934044827842
