0.852834249581
0.979052239636
0.997415752263
0.758276217612
0.996209700982
0.838066292781
0.872308426548
0.850700939853
0.70934511389
0.678634064568
0.999485522488
0.970597405078
0.752464756543
0.966920120153
0.974460213399
0.906813137283
0.884353202597
0.882643775377
0.935617766067
0.943599076599
0.842474298353
0.966296967146
0.967272656325
0.973246961563
0.98320625161
0.768978025449
0.993063654731
0.849331719385
0.896057718183
0.958702997077
0.893676254993
0.942758068876
0.926676914836
0.90201431937
0.729028277439
0.874167177095
0.872452719846
0.818767946505
0.992479218708
0.871231248665
0.65128633023
0.834221941648
0.703107681134
0.982188523045
0.924603814085
0.758047643345
0.93381615982
0.851186710329
0.880742217887
0.873388856799
0.725082510601
0.983728017864
0.83131230338
0.968759761493
0.926745895383
0.985332471637
0.969152453151
0.930071893146
0.798677482656
0.81580360103
0.960965719078
0.933624749909
0.969641116692
0.74633559958
0.635172380716
0.920541725192
0.911135276645
0.858877381185
0.893979146347
0.658642989072
0.969342071616
0.9359917889
0.988264987734
0.593042925799
0.985147212937
0.877440668324
0.981085160206
0.919072317718
0.922235775876
0.960082878399
0.86579631078
0.965509473828
0.91765737982
0.790873303427
0.989259725965
0.893405676045
0.959065356772
0.98091386998
0.798818554146
0.863051813326
0.974596028904
0.883579164411
0.815653975788
0.709283241138
0.926904605799
0.940617052573
0.945849375329
0.909208615426
0.941992752149
