0.988146584416
0.969622212965
0.935063715556
0.865705763414
0.865605260427
0.86560526033
0.86560526033
0.86560526033
0.752201513962
0.817620135571
0.90791361719
0.703685471223
0.629092904425
0.634312798992
0.935083121812
0.9307996625
0.74632950011
0.584117150253
0.898211000995
0.895914324279
0.976052297426
0.941867434392
0.961854054047
0.790998703951
0.950513349383
0.878650265695
0.922552587503
0.830430922159
0.935644294458
0.91105663002
0.964868820746
0.964282695787
0.856170330959
0.720640546307
0.69240602491
0.868862387238
0.835750075183
0.93966706378
0.810649916131
0.993676229089
0.85495841577
0.906072726532
0.997453989185
0.805156711478
0.970888887093
0.852274540334
0.917644417578
0.557756373132
0.968860206329
0.981412582879
0.953993978423
0.935066993713
0.937147978244
0.945429581755
0.886317808864
0.989511691527
0.738936724528
0.783917405398
0.908023199331
0.839018395018
0.665729335935
0.966281236794
0.994851300876
0.766918897008
0.971126588756
0.913299032068
0.921624049404
0.997377866438
0.675646503378
0.819420330005
0.931361875669
0.995596796512
0.860034961506
0.931959715723
0.808551078292
0.942637836904
0.916193395265
0.883606525499
0.956221351097
0.962635073604
0.928529686281
0.995438873947
0.828028153423
0.957337178652
0.608753179023
0.79109164189
0.746736270012
0.892619753137
0.910817619763
0.990302458073
0.974013731292
0.929002057862
0.915654956652
0.999491178873
0.709984936806
0.803547337016
0.73877773741
0.794821276037
0.589606105627
0.943552955081
0.917974769742
0.92477306511
0.957651013162
0.970919627202
0.994334689763
0.945534942885
0.995698104067
0.947403503427
0.866169561714
0.649268661401
0.938563936653
0.972196360124
0.929121562039
0.99895984201
0.95413213518
0.865810686622
0.692010537952
0.616299844953
0.898382557858
0.685997000563
0.888078338974
0.915787178486
0.999465181063
0.794183840617
0.99943980207
0.889576581513
0.994661393155
0.929899201025
0.914219541564
0.636265637598
0.997064216902
0.936166367724
0.924552726366
0.953220126103
0.651253245753
0.647231242019
0.641407108391
0.692567104856
0.946586427813
0.762267433851
0.973791781161
0.714492563859
0.95732254901
0.942134649097
0.871933011361
0.877486933777
0.979838869914
0.694592161968
0.957801886148
0.944465297173
0.790679783496
0.824695719227
0.908959710739
0.881704498276
0.985978541312
0.995905481369
0.934247071775
0.994853174883
0.963244715172
0.861228140415
0.966508030548
0.899842161553
0.83481655311
0.922168259584
0.698099769966
0.739396894507
0.917023142549
0.953898897187
0.829244647361
0.816478373013
0.629977879613
0.895698093153
0.870261829825
0.803900292667
0.987108885493
0.591103767848
0.930427929914
0.98628230554
0.975463822639
